S_ACO LOCAL SEARCH
NN SOLUTION
  solution=[56, 219, 207, 145, 109, 138, 87, 132, 54, 59, 62, 163, 200, 20, 206, 143, 197, 73, 100, 127, 32, 203, 105, 66, 76, 40, 165, 193, 78, 15, 187, 114, 98, 22, 229, 151, 226, 212, 147, 216, 121, 65, 152, 88, 77, 213, 183, 116, 134, 175, 25, 131, 221, 90, 176, 178, 110, 60, 61, 211, 162, 225, 14, 38, 108, 179, 142, 95, 144, 92, 135, 39, 167, 118, 148, 45, 194, 120, 5, 75, 8, 23, 189, 55, 10, 188, 91, 215, 112, 166, 220, 149, 230, 209, 228, 129, 83, 174, 218, 113, 190, 130, 58, 157, 69, 93, 89, 155, 57, 9, 26, 48, 159, 164, 180, 96, 156, 119, 70, 184, 150, 191, 52, 182, 16, 67, 198, 37, 18, 208, 82, 181, 172, 3, 49, 46, 153, 72, 81, 33, 195, 19, 28, 85, 204, 24, 1, 140, 125, 128, 97, 50, 227, 94, 124, 141, 13, 2, 42, 115, 71, 104, 53, 202, 21, 101, 4, 111, 170, 224, 12, 79, 168, 154, 161, 0, 137, 34, 11, 74, 86, 214, 107, 136, 30, 196, 169, 201, 139, 47, 6, 106, 192, 122, 126, 27, 231, 158, 210, 64, 217, 17, 171, 186, 84, 199, 31, 41, 63, 173, 44, 103, 160, 205, 99, 43, 146, 222, 185, 35, 133, 177, 36, 123, 102, 80, 117, 29, 7, 51, 68, 223]
  cost   = 86216.9100184798
 computed in 0.7290174961090088


0: S_ACO SOLUTION
  solution=[186, 171, 160, 63, 41, 31, 173, 44, 103, 205, 99, 43, 146, 222, 219, 56, 207, 145, 109, 138, 87, 132, 59, 54, 62, 163, 200, 20, 206, 143, 197, 73, 100, 127, 32, 29, 66, 76, 40, 105, 203, 7, 193, 165, 78, 15, 187, 114, 98, 22, 229, 151, 51, 68, 223, 226, 212, 147, 216, 121, 65, 152, 88, 77, 213, 183, 116, 134, 175, 25, 90, 176, 131, 221, 178, 110, 60, 61, 211, 162, 225, 14, 38, 108, 179, 142, 95, 144, 92, 135, 39, 167, 118, 148, 45, 194, 120, 5, 75, 8, 23, 189, 55, 10, 188, 91, 215, 112, 166, 220, 149, 230, 209, 228, 129, 83, 174, 218, 113, 190, 130, 58, 157, 69, 93, 89, 155, 57, 9, 26, 48, 159, 164, 180, 96, 156, 119, 70, 184, 16, 182, 52, 191, 150, 198, 67, 18, 208, 82, 37, 181, 172, 3, 49, 46, 153, 72, 81, 33, 195, 19, 28, 85, 204, 24, 117, 1, 140, 125, 128, 123, 50, 227, 97, 102, 80, 94, 124, 141, 13, 2, 42, 115, 71, 104, 53, 161, 0, 202, 21, 101, 4, 111, 79, 224, 12, 34, 11, 74, 136, 107, 196, 30, 214, 86, 133, 168, 170, 154, 137, 177, 36, 169, 201, 139, 47, 6, 126, 27, 231, 158, 210, 64, 217, 17, 84, 199, 185, 122, 192, 106, 35]
  cost   = 79486.64717987011
 computed in 73.28934383392334

1: S_ACO SOLUTION
  solution=[0, 101, 4, 111, 79, 224, 12, 170, 168, 154, 202, 21, 36, 115, 42, 2, 13, 141, 124, 94, 227, 50, 123, 128, 125, 140, 1, 80, 102, 24, 204, 85, 195, 19, 28, 33, 81, 72, 153, 46, 49, 3, 181, 172, 208, 82, 37, 18, 67, 198, 52, 182, 16, 184, 70, 191, 150, 156, 119, 180, 96, 159, 164, 48, 155, 57, 9, 26, 89, 93, 69, 157, 58, 130, 190, 113, 218, 174, 83, 129, 228, 209, 230, 149, 220, 166, 112, 215, 91, 188, 10, 55, 189, 23, 8, 75, 5, 120, 194, 45, 148, 118, 167, 39, 135, 92, 144, 142, 95, 108, 179, 38, 14, 225, 162, 211, 61, 60, 110, 178, 221, 131, 176, 90, 25, 175, 134, 116, 183, 88, 77, 213, 152, 65, 121, 216, 147, 212, 226, 223, 51, 68, 151, 229, 22, 98, 114, 187, 15, 78, 193, 165, 40, 105, 203, 32, 29, 76, 66, 7, 127, 100, 73, 197, 143, 206, 20, 163, 200, 62, 87, 138, 132, 54, 59, 109, 145, 207, 56, 219, 222, 146, 43, 99, 103, 173, 63, 41, 31, 160, 171, 186, 84, 217, 17, 64, 210, 158, 231, 27, 126, 47, 6, 106, 192, 122, 30, 196, 107, 136, 74, 11, 34, 86, 214, 133, 169, 201, 139, 35, 205, 44, 185, 199, 177, 137, 53, 104, 71, 161, 97, 117]
  cost   = 80787.67904503692
 computed in 76.661612033844

2: S_ACO SOLUTION
  solution=[30, 196, 107, 136, 74, 11, 34, 86, 214, 133, 224, 12, 79, 111, 4, 101, 21, 202, 154, 168, 170, 137, 177, 35, 201, 122, 192, 106, 6, 47, 126, 27, 231, 158, 210, 64, 217, 17, 186, 171, 160, 31, 41, 63, 173, 44, 103, 99, 43, 146, 222, 219, 56, 207, 145, 109, 59, 132, 54, 87, 138, 62, 163, 200, 20, 206, 143, 197, 73, 127, 100, 203, 105, 66, 76, 29, 32, 7, 193, 165, 40, 78, 15, 187, 114, 98, 22, 229, 151, 51, 68, 223, 226, 212, 147, 216, 121, 65, 152, 213, 77, 88, 183, 116, 134, 175, 25, 131, 221, 90, 176, 178, 110, 60, 61, 211, 162, 225, 14, 38, 108, 179, 142, 95, 144, 92, 135, 39, 167, 118, 148, 45, 194, 120, 5, 75, 8, 23, 189, 55, 10, 188, 91, 215, 112, 166, 220, 149, 230, 209, 228, 129, 83, 174, 218, 113, 190, 130, 58, 157, 69, 93, 89, 155, 48, 57, 9, 26, 159, 164, 180, 96, 156, 119, 70, 184, 16, 182, 52, 191, 150, 198, 67, 37, 18, 208, 82, 181, 172, 3, 49, 46, 153, 72, 81, 33, 195, 19, 28, 204, 85, 24, 80, 1, 140, 125, 128, 123, 50, 227, 97, 102, 117, 94, 124, 141, 13, 2, 42, 115, 71, 104, 53, 161, 0, 36, 169, 139, 185, 199, 84, 205]
  cost   = 79647.51998019549
 computed in 76.77990412712097

3: S_ACO SOLUTION
  solution=[85, 195, 33, 81, 72, 153, 46, 49, 3, 181, 172, 208, 82, 37, 18, 67, 198, 52, 182, 16, 184, 70, 191, 150, 119, 156, 96, 180, 164, 159, 26, 9, 57, 48, 155, 89, 93, 69, 157, 58, 130, 190, 113, 218, 174, 83, 129, 228, 209, 230, 149, 220, 166, 112, 215, 91, 188, 10, 55, 189, 23, 8, 75, 5, 120, 194, 45, 148, 118, 167, 39, 135, 92, 144, 142, 95, 108, 179, 38, 14, 225, 162, 211, 60, 61, 110, 178, 221, 131, 176, 90, 25, 175, 116, 134, 213, 77, 88, 183, 152, 65, 121, 216, 147, 212, 226, 223, 51, 68, 22, 229, 151, 98, 114, 187, 15, 78, 193, 165, 40, 76, 66, 105, 203, 32, 29, 7, 127, 100, 73, 197, 143, 206, 20, 200, 163, 62, 87, 138, 109, 59, 132, 54, 145, 207, 56, 219, 222, 146, 43, 99, 103, 173, 63, 41, 31, 160, 171, 186, 84, 217, 17, 64, 210, 158, 231, 27, 126, 47, 6, 106, 192, 122, 201, 139, 35, 196, 30, 136, 107, 214, 86, 34, 11, 74, 133, 224, 12, 79, 111, 4, 101, 21, 202, 154, 168, 170, 137, 161, 53, 104, 71, 115, 42, 2, 13, 141, 124, 94, 227, 50, 123, 128, 125, 140, 1, 80, 28, 19, 204, 24, 117, 102, 97, 36, 0, 177, 169, 185, 199, 205, 44]
  cost   = 80432.468265881
 computed in 66.63549208641052

4: S_ACO SOLUTION
  solution=[223, 226, 212, 147, 216, 121, 65, 152, 213, 77, 88, 183, 116, 134, 175, 25, 90, 176, 131, 221, 178, 110, 60, 61, 211, 162, 225, 14, 38, 108, 179, 142, 95, 144, 92, 135, 39, 167, 118, 148, 45, 194, 120, 5, 75, 8, 23, 189, 55, 10, 188, 91, 215, 112, 166, 220, 149, 230, 209, 228, 129, 83, 174, 218, 113, 190, 130, 58, 157, 69, 93, 89, 155, 48, 57, 9, 26, 159, 164, 180, 96, 156, 119, 70, 184, 150, 191, 16, 182, 52, 198, 67, 18, 37, 82, 208, 172, 181, 3, 49, 46, 153, 72, 81, 33, 195, 19, 28, 24, 85, 204, 117, 97, 227, 50, 123, 128, 125, 140, 1, 80, 102, 36, 115, 42, 2, 13, 141, 124, 94, 154, 202, 21, 101, 4, 111, 79, 224, 12, 170, 168, 137, 0, 161, 53, 104, 71, 177, 86, 214, 107, 136, 74, 11, 34, 133, 169, 196, 30, 122, 192, 106, 6, 47, 126, 27, 231, 158, 210, 64, 84, 217, 17, 171, 186, 199, 185, 35, 139, 201, 205, 44, 173, 63, 41, 31, 160, 103, 99, 43, 146, 222, 219, 56, 207, 145, 109, 59, 132, 54, 87, 138, 62, 163, 200, 143, 197, 20, 206, 73, 127, 100, 32, 29, 76, 66, 105, 40, 165, 193, 78, 15, 187, 114, 98, 22, 229, 151, 51, 68, 7, 203]
  cost   = 79469.06488298057
 computed in 64.40938687324524

5: S_ACO SOLUTION
  solution=[36, 115, 42, 2, 13, 141, 124, 94, 227, 50, 97, 128, 123, 125, 140, 1, 80, 102, 24, 85, 195, 19, 28, 33, 81, 72, 153, 46, 49, 204, 117, 3, 181, 172, 208, 82, 18, 37, 67, 198, 52, 182, 16, 184, 70, 191, 150, 119, 156, 96, 180, 164, 159, 26, 9, 57, 48, 155, 89, 93, 69, 157, 58, 130, 190, 113, 218, 174, 83, 129, 228, 209, 230, 149, 220, 166, 112, 215, 91, 188, 10, 55, 189, 23, 8, 75, 5, 120, 194, 45, 148, 118, 167, 39, 135, 92, 144, 142, 95, 108, 179, 38, 14, 225, 162, 211, 60, 110, 61, 178, 221, 131, 176, 90, 25, 175, 134, 116, 183, 88, 77, 213, 152, 65, 121, 216, 147, 212, 226, 223, 51, 68, 229, 151, 98, 22, 114, 187, 15, 78, 40, 165, 193, 7, 203, 105, 66, 76, 29, 32, 100, 127, 73, 197, 143, 206, 20, 200, 163, 62, 87, 138, 132, 54, 59, 109, 145, 207, 56, 219, 222, 146, 43, 99, 103, 173, 63, 41, 31, 160, 171, 186, 84, 217, 17, 64, 199, 126, 27, 231, 158, 210, 185, 35, 139, 201, 47, 6, 106, 192, 122, 30, 196, 107, 136, 74, 11, 34, 86, 214, 133, 12, 224, 79, 170, 168, 154, 202, 21, 101, 4, 111, 0, 161, 53, 104, 71, 137, 177, 169, 205, 44]
  cost   = 79798.15193364059
 computed in 65.69039988517761

6: S_ACO SOLUTION
  solution=[223, 226, 212, 147, 216, 121, 65, 152, 88, 183, 213, 77, 116, 134, 175, 25, 90, 176, 131, 221, 178, 110, 60, 61, 211, 162, 225, 14, 38, 108, 179, 142, 95, 135, 92, 144, 39, 167, 118, 148, 45, 194, 120, 5, 75, 8, 23, 189, 55, 10, 188, 91, 215, 112, 166, 220, 149, 230, 209, 228, 129, 83, 174, 218, 113, 190, 130, 58, 157, 69, 93, 89, 155, 48, 57, 9, 26, 159, 164, 180, 96, 156, 119, 70, 191, 52, 182, 16, 184, 150, 198, 67, 18, 37, 82, 208, 172, 181, 3, 49, 46, 153, 72, 81, 33, 195, 19, 28, 85, 204, 24, 117, 80, 1, 140, 125, 128, 123, 50, 227, 97, 102, 94, 124, 141, 13, 2, 42, 115, 71, 104, 53, 161, 0, 21, 101, 4, 111, 79, 12, 224, 170, 168, 154, 202, 137, 177, 214, 86, 34, 11, 74, 136, 107, 196, 30, 122, 192, 106, 6, 47, 126, 27, 231, 158, 210, 64, 217, 17, 171, 186, 84, 199, 185, 201, 139, 35, 169, 133, 36, 205, 160, 31, 41, 63, 173, 44, 103, 99, 43, 146, 222, 219, 56, 207, 145, 109, 59, 132, 54, 87, 138, 62, 163, 200, 20, 206, 143, 197, 73, 100, 127, 66, 76, 29, 32, 203, 105, 40, 165, 193, 78, 15, 187, 114, 98, 22, 229, 151, 51, 68, 7]
  cost   = 80059.34012157263
 computed in 71.6822075843811

7: S_ACO SOLUTION
  solution=[65, 152, 88, 77, 213, 183, 116, 134, 175, 25, 90, 176, 131, 221, 178, 110, 60, 61, 211, 162, 225, 14, 38, 108, 179, 142, 95, 144, 92, 135, 39, 167, 118, 148, 45, 194, 120, 5, 75, 8, 23, 189, 55, 10, 188, 91, 215, 112, 166, 220, 149, 230, 209, 228, 129, 83, 174, 218, 113, 190, 130, 58, 157, 69, 93, 89, 155, 48, 57, 9, 26, 159, 164, 180, 96, 119, 156, 70, 184, 150, 191, 52, 182, 16, 198, 67, 37, 18, 208, 82, 181, 172, 3, 49, 46, 153, 72, 81, 33, 195, 19, 28, 80, 1, 140, 102, 125, 128, 97, 227, 50, 123, 117, 204, 85, 24, 36, 115, 42, 2, 13, 141, 124, 94, 71, 104, 53, 161, 0, 202, 21, 101, 4, 111, 79, 224, 12, 170, 168, 154, 137, 177, 214, 86, 34, 11, 74, 136, 107, 196, 30, 35, 139, 192, 106, 6, 47, 126, 27, 231, 158, 210, 64, 217, 17, 171, 186, 84, 199, 185, 201, 122, 169, 133, 205, 44, 173, 63, 41, 31, 160, 103, 99, 43, 146, 222, 219, 56, 207, 145, 109, 59, 132, 54, 87, 138, 62, 163, 200, 20, 206, 143, 197, 73, 127, 100, 32, 203, 105, 66, 76, 29, 165, 40, 78, 193, 7, 15, 187, 114, 98, 22, 229, 151, 226, 223, 51, 68, 147, 212, 216, 121]
  cost   = 78551.07891470868
 computed in 83.12037086486816

8: S_ACO SOLUTION
  solution=[226, 212, 147, 216, 121, 65, 152, 88, 77, 213, 183, 116, 134, 175, 25, 90, 176, 131, 221, 178, 110, 61, 60, 211, 162, 225, 14, 38, 108, 179, 142, 95, 144, 92, 135, 39, 167, 118, 148, 45, 194, 120, 5, 75, 8, 23, 189, 55, 10, 188, 91, 215, 112, 166, 220, 149, 230, 209, 228, 129, 83, 174, 218, 113, 190, 130, 58, 157, 69, 93, 89, 155, 48, 57, 9, 26, 159, 164, 180, 96, 156, 119, 70, 184, 150, 191, 52, 182, 16, 198, 67, 37, 18, 208, 82, 172, 181, 3, 49, 46, 153, 72, 81, 33, 195, 19, 28, 85, 24, 204, 117, 80, 1, 140, 102, 125, 128, 97, 227, 50, 123, 36, 13, 141, 124, 94, 2, 42, 115, 71, 104, 53, 161, 0, 202, 21, 101, 4, 111, 79, 224, 12, 170, 168, 154, 137, 74, 11, 34, 86, 214, 133, 136, 107, 196, 30, 122, 106, 192, 47, 126, 27, 231, 158, 210, 64, 217, 17, 171, 186, 84, 199, 185, 139, 35, 201, 6, 169, 177, 205, 31, 41, 63, 173, 44, 103, 160, 99, 43, 146, 222, 219, 56, 207, 145, 109, 59, 132, 54, 87, 138, 62, 163, 200, 20, 206, 143, 197, 73, 100, 127, 203, 32, 29, 76, 66, 105, 40, 165, 193, 78, 15, 187, 114, 98, 22, 229, 151, 51, 68, 223, 7]
  cost   = 79358.29097394292
 computed in 73.22111988067627

9: S_ACO SOLUTION
  solution=[66, 105, 40, 165, 193, 78, 15, 187, 114, 98, 22, 229, 68, 51, 223, 226, 212, 147, 216, 121, 65, 152, 88, 77, 213, 183, 116, 134, 175, 25, 90, 176, 131, 221, 178, 110, 61, 60, 211, 162, 225, 14, 38, 108, 179, 95, 142, 144, 92, 135, 39, 167, 118, 148, 45, 194, 120, 5, 75, 8, 23, 189, 55, 10, 188, 91, 215, 112, 166, 220, 149, 230, 209, 228, 129, 83, 174, 218, 113, 190, 130, 58, 157, 69, 93, 89, 155, 57, 48, 26, 9, 164, 159, 96, 180, 119, 156, 70, 184, 150, 191, 52, 182, 16, 67, 198, 18, 37, 82, 208, 172, 181, 3, 49, 46, 153, 72, 81, 33, 195, 19, 28, 85, 204, 24, 102, 140, 1, 80, 123, 50, 227, 97, 128, 125, 117, 141, 124, 94, 36, 13, 2, 42, 115, 71, 161, 53, 104, 154, 168, 170, 224, 12, 79, 111, 4, 101, 21, 202, 137, 0, 34, 11, 74, 136, 107, 196, 30, 122, 106, 192, 47, 6, 126, 27, 231, 158, 210, 185, 35, 139, 201, 169, 133, 86, 214, 177, 199, 64, 217, 17, 84, 186, 171, 160, 31, 41, 63, 173, 44, 205, 103, 99, 43, 146, 222, 219, 56, 207, 145, 109, 59, 132, 54, 87, 138, 62, 163, 200, 20, 206, 143, 197, 73, 100, 127, 203, 32, 29, 76, 7, 151]
  cost   = 79220.44211051897
 computed in 78.08640313148499


best_cost=78551.07891470868, best_sol=[65, 152, 88, 77, 213, 183, 116, 134, 175, 25, 90, 176, 131, 221, 178, 110, 60, 61, 211, 162, 225, 14, 38, 108, 179, 142, 95, 144, 92, 135, 39, 167, 118, 148, 45, 194, 120, 5, 75, 8, 23, 189, 55, 10, 188, 91, 215, 112, 166, 220, 149, 230, 209, 228, 129, 83, 174, 218, 113, 190, 130, 58, 157, 69, 93, 89, 155, 48, 57, 9, 26, 159, 164, 180, 96, 119, 156, 70, 184, 150, 191, 52, 182, 16, 198, 67, 37, 18, 208, 82, 181, 172, 3, 49, 46, 153, 72, 81, 33, 195, 19, 28, 80, 1, 140, 102, 125, 128, 97, 227, 50, 123, 117, 204, 85, 24, 36, 115, 42, 2, 13, 141, 124, 94, 71, 104, 53, 161, 0, 202, 21, 101, 4, 111, 79, 224, 12, 170, 168, 154, 137, 177, 214, 86, 34, 11, 74, 136, 107, 196, 30, 35, 139, 192, 106, 6, 47, 126, 27, 231, 158, 210, 64, 217, 17, 171, 186, 84, 199, 185, 201, 122, 169, 133, 205, 44, 173, 63, 41, 31, 160, 103, 99, 43, 146, 222, 219, 56, 207, 145, 109, 59, 132, 54, 87, 138, 62, 163, 200, 20, 206, 143, 197, 73, 127, 100, 32, 203, 105, 66, 76, 29, 165, 40, 78, 193, 7, 15, 187, 114, 98, 22, 229, 151, 226, 223, 51, 68, 147, 212, 216, 121]

==============================================================